Player,Probability of being the first survivor,Survival probability
1,0.00000381,0.00000381
2,0.00006866,0.00007248
3,0.00058365,0.00065613
4,0.00311279,0.00376892
5,0.01167297,0.01544189
6,0.03268433,0.04812622
7,0.07081604,0.11894226
8,0.12139893,0.24034119
9,0.16692352,0.40726471
10,0.18547058,0.59273529
11,0.16692352,0.75965881
12,0.12139893,0.88105774
13,0.07081604,0.95187378
14,0.03268433,0.98455811
15,0.01167297,0.99623108
16,0.00311279,0.99934387
